[
   0,  1,  2,  3,  4,  9, 14, 19,
  24, 23, 22, 21, 20, 15, 10,  5,
   6,  7,  8, 13, 18, 17, 16, 11,
  12
]
[
   0,  1,  2,  3,  4,  5, 11, 17, 23,
  29, 35, 34, 33, 32, 31, 30, 24, 18,
  12,  6,  7,  8,  9, 10, 16, 22, 28,
  27, 26, 25, 19, 13, 14, 15, 21, 20
]
[
   0,  1,  2,  3,  4,  5,  6, 13, 20, 27, 34,
  41, 48, 47, 46, 45, 44, 43, 42, 35, 28, 21,
  14,  7,  8,  9, 10, 11, 12, 19, 26, 33, 40,
  39, 38, 37, 36, 29, 22, 15, 16, 17, 18, 25,
  32, 31, 30, 23, 24
]
[
    0,   1,   2,   3,   4,   5,   6,   7,   8,   9,  10,  21,
   32,  43,  54,  65,  76,  87,  98, 109, 120, 119, 118, 117,
  116, 115, 114, 113, 112, 111, 110,  99,  88,  77,  66,  55,
   44,  33,  22,  11,  12,  13,  14,  15,  16,  17,  18,  19,
   20,  31,  42,  53,  64,  75,  86,  97, 108, 107, 106, 105,
  104, 103, 102, 101, 100,  89,  78,  67,  56,  45,  34,  23,
   24,  25,  26,  27,  28,  29,  30,  41,  52,  63,  74,  85,
   96,  95,  94,  93,  92,  91,  90,  79,  68,  57,  46,  35,
   36,  37,  38,  39,
  ... 21 more items
]
